# Source: CUBES-spider
## Group: customers_and_invoices
### ID: 0030

# input:orders

| order_id:Int | customer_id:Int | date_order_placed:Str | order_details:Str |
|---|---|---|---|
| 1 | 12 | 2012-06-27 20:49:56 | nan |
| 2 | 12 | 2012-08-25 07:51:54 | nan |
| 3 | 8 | 2017-11-05 15:32:38 | nan |
| 4 | 5 | 2017-11-27 21:50:58 | nan |
| 5 | 15 | 2015-05-17 03:05:32 | nan |
| 6 | 5 | 2015-11-25 22:55:41 | nan |
| 7 | 3 | 2016-04-15 03:33:59 | nan |
| 8 | 3 | 2010-01-28 03:43:26 | nan |
| 9 | 2 | 2017-03-08 05:42:10 | nan |
| 10 | 11 | 2017-12-04 02:59:10 | nan |
| 11 | 14 | 2010-10-22 06:45:16 | nan |
| 12 | 1 | 2017-05-24 19:26:44 | nan |
| 13 | 10 | 2015-08-06 22:40:40 | nan |
| 14 | 10 | 2017-10-29 04:20:08 | nan |
| 15 | 6 | 2013-10-25 17:40:25 | nan |

# input:invoices

| invoice_number:Int | order_id:Int | invoice_date:Str |
|---|---|---|
| 1 | 9 | 2018-03-01 16:40:48 |
| 2 | 9 | 2018-03-20 00:21:41 |
| 3 | 3 | 2018-03-05 08:47:33 |
| 4 | 9 | 2018-02-28 19:01:06 |
| 5 | 13 | 2018-03-07 02:04:32 |
| 6 | 8 | 2018-03-16 21:57:43 |
| 7 | 10 | 2018-03-13 07:27:38 |
| 8 | 10 | 2018-03-19 17:06:30 |
| 9 | 12 | 2018-03-16 11:01:06 |
| 10 | 11 | 2018-03-01 01:44:08 |
| 11 | 5 | 2018-03-23 04:59:28 |
| 12 | 3 | 2018-03-15 21:24:13 |
| 13 | 3 | 2018-03-03 20:44:06 |
| 14 | 4 | 2018-03-19 22:38:10 |
| 15 | 14 | 2018-03-15 09:38:49 |

# constraint

{
  "constants": [],
  "aggregation_functions": []
}

# output:0030

| invoice_date:Str | order_id:Int | order_details:Str |
|---|---|---|
| 2018-03-01 16:40:48 | 9 | nan |
| 2018-03-20 00:21:41 | 9 | nan |
| 2018-03-05 08:47:33 | 3 | nan |
| 2018-02-28 19:01:06 | 9 | nan |
| 2018-03-07 02:04:32 | 13 | nan |
| 2018-03-16 21:57:43 | 8 | nan |
| 2018-03-13 07:27:38 | 10 | nan |
| 2018-03-19 17:06:30 | 10 | nan |
| 2018-03-16 11:01:06 | 12 | nan |
| 2018-03-01 01:44:08 | 11 | nan |
| 2018-03-23 04:59:28 | 5 | nan |
| 2018-03-15 21:24:13 | 3 | nan |
| 2018-03-03 20:44:06 | 3 | nan |
| 2018-03-19 22:38:10 | 4 | nan |
| 2018-03-15 09:38:49 | 14 | nan |

# solution

```sql
SELECT T1.invoice_date,
       T1.order_id,
       T2.order_details
FROM Invoices AS T1
JOIN Orders AS T2 ON T1.order_id = T2.order_id
```
